262
724
696
395
244
964
45
349
493
811
397
825
261
699
777
78
305
964
811
384
150
307
44
935
733
790
503
479
707
407
519
617
807
99
311
203
374
526
610
16
590
496
801
427
300
511
986
80
589
341
170
186
801
604
252
485
278
853
731
516
682
116
314
700
493
557
331
983
423
976
674
596
353
34
38
377
902
593
142
226
116
123
758
405
173
365
639
29
404
331
467
586
192
975
136
75
415
558
482
937
756
603
242
114
354
562
158
326
287
471
409
535
732
280
282
881
952
750
391
768
83
407
864
663
159
607
66
848
585
571
618
677
246
860
982
670
821
440
17
635
291
629
281
191
602
363
322
719
370
328
26
955
445
790
624
704
800
24
727
841
759
447
756
67
805
396
302
309
369
86
49
74
691
557
118
333
837
799
65
814
418
974
574
192
104
213
544
130
214
3
663
393
687
359
769
379
181
781
677
408
1024
1025
1023